08/11/2015|1800-2200|3|200|0|1|2|1|3|8.0
07/11/2015|1000-1400|2|200|0|1|2|1|2|10.0
08/11/2015|2230-0030|116|200|0|1|4|2|116|10.0
08/11/2015|1900-2142|210|200|0|3|3|1|210|17.5
08/11/2015|0050-0450|16|200|0|2|4|2|16|10.0
09/11/2015|1700-2100|17|200|0|2|4|2|17|8.0
10/11/2015|0800-1042|44|200|0|4|1|1|44|9.5
10/11/2015|1000-1030|96|200|0|5|4|2|96|8.0
11/11/2015|1900-1930|98|200|0|5|4|2|98|8.0
11/11/2015|1100-1300|8|200|0|1|1|1|8|8.0
12/11/2015|1000-1030|302|200|0|5|1|1|302|10.0
13/11/2015|1100-1130|304|200|0|5|1|1|304|10.0
